{
 "cells": [
  {
   "cell_type": "markdown",
   "id": "f30c6b6c-0ca8-4efc-823a-d26dd7c57fd3",
   "metadata": {},
   "source": [
    "# Load structure and create supercell"
   ]
  },
  {
   "cell_type": "code",
   "execution_count": 113,
   "id": "48396e1e-266a-4a9f-9379-b640a7731c2d",
   "metadata": {
    "scrolled": true
   },
   "outputs": [],
   "source": [
    "from dynmat import load_unit_cell_from_toml, fractional_to_cartesian_transform\n",
    "from itertools import combinations\n",
    "\n",
    "dimensions = (10, 5, 5)\n",
    "u = load_unit_cell_from_toml(\"NaCl.toml\").supercell(dimensions)\n",
    "\n",
    "\n",
    "pairs = np.array(list(combinations(u.atom_positions, r=2)))\n",
    "\n",
    "\n"
   ]
  },
  {
   "cell_type": "code",
   "execution_count": 89,
   "id": "5a422195-48bf-420d-8897-62958768ec24",
   "metadata": {},
   "outputs": [
    {
     "data": {
      "text/plain": [
       "(array([440]),)"
      ]
     },
     "execution_count": 89,
     "metadata": {},
     "output_type": "execute_result"
    }
   ],
   "source": [
    "np.where(np.all(u.atom_positions == [0.8, 0.8, 0. ], axis=1))"
   ]
  },
  {
   "cell_type": "code",
   "execution_count": 87,
   "id": "ea29a12b-d805-4bce-abd6-e2b922683931",
   "metadata": {},
   "outputs": [
    {
     "data": {
      "text/plain": [
       "array([0.75, 0.5 , 0.5 ])"
      ]
     },
     "execution_count": 87,
     "metadata": {},
     "output_type": "execute_result"
    }
   ],
   "source": [
    "u.atom_positions[375]"
   ]
  },
  {
   "cell_type": "code",
   "execution_count": 112,
   "id": "863ebc38-6e9b-4f5c-8306-4806d8f4c8fe",
   "metadata": {},
   "outputs": [
    {
     "data": {
      "text/plain": [
       "array([1.        , 1.        , 1.        , ..., 8.38152731, 8.38152731,\n",
       "       8.38152731])"
      ]
     },
     "execution_count": 112,
     "metadata": {},
     "output_type": "execute_result"
    }
   ],
   "source": [
    "dd = periodic_distance(pairs[:,0],pairs[:,1], T)\n",
    "np.sort(dd)"
   ]
  },
  {
   "cell_type": "markdown",
   "id": "ab4a8d23-d98b-4bea-9a5e-4b739bdfbf2c",
   "metadata": {},
   "source": [
    "# create transformation matrix fractional to cartesian"
   ]
  },
  {
   "cell_type": "code",
   "execution_count": 88,
   "id": "64473165-6ebd-4790-89d0-a4d30d0f813f",
   "metadata": {},
   "outputs": [
    {
     "data": {
      "text/plain": [
       "array([[0.8, 0.8, 0. ],\n",
       "       [0.8, 0.8, 0. ]])"
      ]
     },
     "execution_count": 88,
     "metadata": {},
     "output_type": "execute_result"
    }
   ],
   "source": [
    "pairs[:,109131]"
   ]
  },
  {
   "cell_type": "code",
   "execution_count": 55,
   "id": "c7c80bf8-15af-44cf-a84c-b1cc130334e6",
   "metadata": {},
   "outputs": [
    {
     "data": {
      "text/plain": [
       "500"
      ]
     },
     "execution_count": 55,
     "metadata": {},
     "output_type": "execute_result"
    }
   ],
   "source": [
    "len(u.atomic_basis)"
   ]
  },
  {
   "cell_type": "code",
   "execution_count": 52,
   "id": "c4488485-12d2-47d9-a1d8-d5cd202e4e0b",
   "metadata": {},
   "outputs": [
    {
     "data": {
      "text/plain": [
       "124750"
      ]
     },
     "execution_count": 52,
     "metadata": {},
     "output_type": "execute_result"
    }
   ],
   "source": [
    "len(dd)"
   ]
  },
  {
   "cell_type": "code",
   "execution_count": 34,
   "id": "13dd0b9e-6867-49ac-b088-99af0af0ace2",
   "metadata": {},
   "outputs": [
    {
     "data": {
      "text/plain": [
       "array([[1.000000e+01, 6.123234e-16, 6.123234e-16],\n",
       "       [0.000000e+00, 1.000000e+01, 6.123234e-16],\n",
       "       [0.000000e+00, 0.000000e+00, 1.000000e+01]])"
      ]
     },
     "execution_count": 34,
     "metadata": {},
     "output_type": "execute_result"
    }
   ],
   "source": [
    "lat, ang = (10, 10, 10), (u.alpha, u.beta, u.gamma)\n",
    "T = fractional_to_cartesian_transform(lat, ang)\n",
    "\n",
    "T"
   ]
  },
  {
   "cell_type": "code",
   "execution_count": 17,
   "id": "12f9583f-cda8-4cd8-993c-d25f418faf42",
   "metadata": {},
   "outputs": [
    {
     "data": {
      "text/plain": [
       "0.7071067811865476"
      ]
     },
     "execution_count": 17,
     "metadata": {},
     "output_type": "execute_result"
    }
   ],
   "source": [
    "np.sqrt(0.5)"
   ]
  },
  {
   "cell_type": "code",
   "execution_count": 15,
   "id": "480a0a99-639f-40b8-9b16-059b78bfc554",
   "metadata": {},
   "outputs": [
    {
     "data": {
      "text/plain": [
       "0.7071067811865476"
      ]
     },
     "execution_count": 15,
     "metadata": {},
     "output_type": "execute_result"
    }
   ],
   "source": [
    "0.5**(1/2)"
   ]
  },
  {
   "cell_type": "code",
   "execution_count": 14,
   "id": "fd49084c-824c-4b0f-8169-36505ecb5b18",
   "metadata": {},
   "outputs": [
    {
     "data": {
      "text/plain": [
       "array([7.07106781])"
      ]
     },
     "execution_count": 14,
     "metadata": {},
     "output_type": "execute_result"
    }
   ],
   "source": [
    "periodic_distance(\n",
    "    [0.5, 0.5, 0.0],\n",
    "    [0.0, 0.0, 0.0],\n",
    "    T\n",
    ")"
   ]
  },
  {
   "cell_type": "code",
   "execution_count": 25,
   "id": "0cf732fc-72bc-4ccf-92bb-624d4bc0dd05",
   "metadata": {},
   "outputs": [
    {
     "data": {
      "text/plain": [
       "(array([['a', 'a', 'a', 'b', 'b', 'c'],\n",
       "        ['b', 'c', 'd', 'c', 'd', 'd']], dtype='<U1'),\n",
       " array(['a', 'a', 'a', 'b', 'b', 'c'], dtype='<U1'),\n",
       " array(['b', 'c', 'd', 'c', 'd', 'd'], dtype='<U1'))"
      ]
     },
     "execution_count": 25,
     "metadata": {},
     "output_type": "execute_result"
    }
   ],
   "source": [
    "\n"
   ]
  },
  {
   "cell_type": "code",
   "execution_count": 33,
   "id": "bc79ee48-7ad0-423e-8975-80ce7514e586",
   "metadata": {},
   "outputs": [],
   "source": [
    "import numpy as np\n",
    "\n",
    "\n",
    "def periodic_distance(p1, p2, T=np.eye(3)):\n",
    "    \"\"\"\n",
    "    Computes the periodic distance between two points in a unit cube,\n",
    "    using a transformation matrix to convert fractional to Cartesian coordinates.\n",
    "\n",
    "    Parameters:\n",
    "        p1 (array-like): Fractional coordinates of the first point (e.g., [x1, y1, z1]).\n",
    "        p2 (array-like): Fractional coordinates of the second point (e.g., [x2, y2, z2]).\n",
    "        T (array-like): 3x3 transformation matrix to convert fractional to Cartesian coordinates.\n",
    "\n",
    "    Returns:\n",
    "        float: The Cartesian periodic distance between the points.\n",
    "    \"\"\"\n",
    "    p1 = np.array(p1) % 1\n",
    "    p2 = np.array(p2) % 1\n",
    "\n",
    "    p1 = p1.reshape(-1, 3)\n",
    "    p2 = p2.reshape(-1, 3)\n",
    "\n",
    "    # Compute delta in fractional space\n",
    "    delta = np.abs(p2 - p1)\n",
    "    delta = np.minimum(delta, 1 - delta)  # Wrap around the boundary\n",
    "\n",
    "    # Transform fractional deltas to Cartesian\n",
    "    delta_cartesian = np.dot(delta, T.T)\n",
    "\n",
    "    # Compute Cartesian distance\n",
    "    distance = np.sqrt(np.sum(delta_cartesian**2, axis=1))\n",
    "\n",
    "    return distance"
   ]
  },
  {
   "cell_type": "code",
   "execution_count": 4,
   "id": "912657e4-e1de-4b26-afba-f8fa5b2cc2bf",
   "metadata": {},
   "outputs": [],
   "source": [
    "def calculate_force_constant(mass1: float, \n",
    "                           mass2: float, \n",
    "                           reference_frequency: float = 1.0) -> float:\n",
    "    \"\"\"\n",
    "    Calculate the force constant based on reduced mass and a reference frequency.\n",
    "    \n",
    "    Parameters:\n",
    "        mass1: Mass of first atom in atomic mass units (u)\n",
    "        mass2: Mass of second atom in atomic mass units (u)\n",
    "        reference_frequency: Reference vibrational frequency in arbitrary units (default: 1.0)\n",
    "        \n",
    "    Returns:\n",
    "        float: Force constant k = μω², where μ is reduced mass and ω is angular frequency\n",
    "    \"\"\"\n",
    "    # Calculate reduced mass\n",
    "    reduced_mass = (mass1 * mass2) / (mass1 + mass2)\n",
    "    \n",
    "    # Convert reference frequency to angular frequency (ω = 2πν)\n",
    "    angular_frequency = 2 * np.pi * reference_frequency\n",
    "    \n",
    "    # Calculate force constant k = μω²\n",
    "    force_constant = reduced_mass * angular_frequency**2\n",
    "    \n",
    "    return force_constant\n",
    "\n",
    "def get_atomic_mass(atom_label: str) -> float:\n",
    "    \"\"\"\n",
    "    Get the atomic mass of an element in atomic mass units (u).\n",
    "    \n",
    "    Parameters:\n",
    "        atom_label: Chemical symbol of the element (e.g., 'H', 'C', 'O')\n",
    "        \n",
    "    Returns:\n",
    "        float: Atomic mass in u\n",
    "    \"\"\"\n",
    "    return element(atom_label).mass\n",
    "\n",
    "def get_harmonic_force(reference_pos: NDArray,\n",
    "                      reference_labels: NDArray,\n",
    "                      atom1_pos: NDArray,\n",
    "                      atom2_pos: NDArray,\n",
    "                      displacement: NDArray,\n",
    "                      atom1_label: str,\n",
    "                      atom2_label: str,\n",
    "                      distance_matrix: NDArray,\n",
    "                      reference_frequency: float = 1.0) -> Tuple[NDArray, float]:\n",
    "    \"\"\"\n",
    "    Calculate the harmonic force between two atoms after displacement using mass-dependent force constant.\n",
    "    \n",
    "    Parameters:\n",
    "        reference_pos: Reference positions of all atoms (N, 3)\n",
    "        reference_labels: Atomic labels for all positions (N,)\n",
    "        atom1_pos: Position of first atom (3,)\n",
    "        atom2_pos: Position of second atom (3,)\n",
    "        displacement: Displacement vector to apply to atom2 (3,)\n",
    "        atom1_label: Chemical symbol of first atom\n",
    "        atom2_label: Chemical symbol of second atom\n",
    "        distance_matrix: Matrix of equilibrium distances between atoms\n",
    "        reference_frequency: Reference frequency for force constant calculation (default: 1.0)\n",
    "        \n",
    "    Returns:\n",
    "        Tuple containing:\n",
    "        - NDArray: Force vector (3,) acting on atom2 due to displacement\n",
    "        - float: Force constant used in calculation\n",
    "    \"\"\"\n",
    "    # Convert inputs to numpy arrays and ensure correct shapes\n",
    "    atom1_pos = np.asarray(atom1_pos, dtype=np.float64).reshape(3)\n",
    "    atom2_pos = np.asarray(atom2_pos, dtype=np.float64).reshape(3)\n",
    "    displacement = np.asarray(displacement, dtype=np.float64).reshape(3)\n",
    "    \n",
    "    # Find atom indices in the reference positions\n",
    "    atom1_mask = np.all(np.isclose(reference_pos, atom1_pos), axis=1)\n",
    "    atom2_mask = np.all(np.isclose(reference_pos, atom2_pos), axis=1)\n",
    "    \n",
    "    atom1_idx = np.where(atom1_mask)[0]\n",
    "    atom2_idx = np.where(atom2_mask)[0]\n",
    "    \n",
    "    if len(atom1_idx) != 1 or len(atom2_idx) != 1:\n",
    "        raise ValueError(f\"Could not uniquely identify atoms. Found {len(atom1_idx)} matches for atom1 and {len(atom2_idx)} for atom2\")\n",
    "    \n",
    "    # Get equilibrium distance from the distance matrix\n",
    "    equilibrium_distance = distance_matrix[atom1_idx[0], atom2_idx[0]]\n",
    "    \n",
    "    # Calculate new distance after displacement\n",
    "    displaced_pos = atom2_pos + displacement\n",
    "    direction = calculate_periodic_direction(atom1_pos, displaced_pos)\n",
    "    current_distance = periodic_distance(atom1_pos, displaced_pos)\n",
    "    \n",
    "    # Get atomic masses and calculate force constant\n",
    "    mass1 = get_atomic_mass(atom1_label)\n",
    "    mass2 = get_atomic_mass(atom2_label)\n",
    "    force_constant = calculate_force_constant(mass1, mass2, reference_frequency)\n",
    "    \n",
    "    # Calculate force (F = -k(r - r_0) * direction)\n",
    "    force_magnitude = force_constant * (equilibrium_distance - current_distance)\n",
    "    force_vector = force_magnitude * direction\n",
    "    \n",
    "    return force_vector, force_constant"
   ]
  },
  {
   "cell_type": "code",
   "execution_count": 16,
   "id": "8c017c9f-8228-49d6-819c-6490bcca56f3",
   "metadata": {},
   "outputs": [
    {
     "ename": "AttributeError",
     "evalue": "'UnitCell' object has no attribute 'lattice_lengths'",
     "output_type": "error",
     "traceback": [
      "\u001b[0;31m---------------------------------------------------------------------------\u001b[0m",
      "\u001b[0;31mAttributeError\u001b[0m                            Traceback (most recent call last)",
      "Cell \u001b[0;32mIn[16], line 1\u001b[0m\n\u001b[0;32m----> 1\u001b[0m u\u001b[38;5;241m.\u001b[39mlattice_lengths\n",
      "\u001b[0;31mAttributeError\u001b[0m: 'UnitCell' object has no attribute 'lattice_lengths'"
     ]
    }
   ],
   "source": [
    "u.lattice_lengths"
   ]
  },
  {
   "cell_type": "code",
   "execution_count": 73,
   "id": "dd399f91-715c-4298-b0ae-3c2a221b012b",
   "metadata": {},
   "outputs": [
    {
     "data": {
      "text/plain": [
       "array([0.        , 0.50124844, 0.05      , ..., 0.05      , 0.50124844,\n",
       "       0.        ])"
      ]
     },
     "execution_count": 73,
     "metadata": {},
     "output_type": "execute_result"
    }
   ],
   "source": [
    "from dynmat import UnitCell, fractional_to_cartesian_transform, periodic_distance_mat, is_nearest_neighbor\n",
    "    \n",
    "u = UnitCell(\n",
    "    lattice_lengths=(1, 1, 1),\n",
    "    lattice_angles=(90, 90, 90),\n",
    "    atomic_basis=[\n",
    "        (\"Na\", 0.0, 0.0, 0.0),\n",
    "        (\"Cl\", 0.5, 0.5, 0.5)\n",
    "    ]\n",
    ").make_supercell((5, 5, 0))\n",
    "\n",
    "# Get transformation matrix and distances\n",
    "lat, ang = (u.a, u.b, u.c), (u.alpha, u.beta, u.gamma)\n",
    "T = fractional_to_cartesian_transform(lat, ang)\n",
    "positions = np.array(u.atomic_basis)[:,1:].astype(\"float64\")\n",
    "labels = np.array(u.atomic_basis)[:,1:].astype(\"float64\")\n",
    "distances = periodic_distance_mat(positions)\n",
    "\n"
   ]
  },
  {
   "cell_type": "code",
   "execution_count": 9,
   "id": "692a80bb-59d8-4cc6-a73f-9599fc9148d9",
   "metadata": {},
   "outputs": [
    {
     "data": {
      "text/plain": [
       "150"
      ]
     },
     "execution_count": 9,
     "metadata": {},
     "output_type": "execute_result"
    }
   ],
   "source": [
    "len(u.atomic_basis)*3"
   ]
  },
  {
   "cell_type": "code",
   "execution_count": 5,
   "id": "21626843-b30e-496f-9ff9-08fd73d04a94",
   "metadata": {},
   "outputs": [
    {
     "name": "stdout",
     "output_type": "stream",
     "text": [
      "0.4330127018922193\n",
      "0.4330127018922193\n",
      "0.4330127018922193\n",
      "\n",
      "Forces between Na0 and Cl1:\n",
      "[[-51.81235571 -37.00882551 -37.00882551]\n",
      " [-37.00882551 -51.81235571 -37.00882551]\n",
      " [-37.00882551 -37.00882551 -51.81235571]]\n",
      "0.5\n",
      "0.5\n",
      "0.5\n",
      "\n",
      "Forces between Na0 and Na2:\n",
      "[[ -1.43159267  -0.          -7.15796334]\n",
      " [ -0.          -1.43159267  -7.15796334]\n",
      " [  0.           0.         -73.72000412]]\n",
      "0.4330127018922193\n",
      "0.4330127018922193\n",
      "0.4330127018922193\n",
      "\n",
      "Forces between Na0 and Cl3:\n",
      "[[-51.81235571 -37.00882551  37.00882551]\n",
      " [-37.00882551 -51.81235571  37.00882551]\n",
      " [ 36.39701352  36.39701352 -21.83820811]]\n",
      "0.5\n",
      "0.5\n",
      "0.5\n",
      "\n",
      "Forces between Na0 and Na4:\n",
      "[[ -1.43159267  -7.15796334  -0.        ]\n",
      " [  0.         -73.72000412   0.        ]\n",
      " [ -0.          -7.15796334  -1.43159267]]\n",
      "0.4330127018922193\n",
      "0.4330127018922193\n",
      "0.4330127018922193\n",
      "\n",
      "Forces between Na0 and Cl5:\n",
      "[[-51.81235571  37.00882551 -37.00882551]\n",
      " [ 36.39701352 -21.83820811  36.39701352]\n",
      " [-37.00882551  37.00882551 -51.81235571]]\n",
      "0.4330127018922193\n",
      "0.4330127018922193\n",
      "0.4330127018922193\n",
      "\n",
      "Forces between Na0 and Cl7:\n",
      "[[-51.81235571  37.00882551  37.00882551]\n",
      " [ 36.39701352 -21.83820811 -36.39701352]\n",
      " [ 36.39701352 -36.39701352 -21.83820811]]\n",
      "0.5\n",
      "0.5\n",
      "0.5\n",
      "\n",
      "Forces between Na0 and Na8:\n",
      "[[-73.72000412   0.           0.        ]\n",
      " [ -7.15796334  -1.43159267  -0.        ]\n",
      " [ -7.15796334  -0.          -1.43159267]]\n",
      "0.4330127018922193\n",
      "0.4330127018922193\n",
      "0.4330127018922193\n",
      "\n",
      "Forces between Na0 and Cl9:\n",
      "[[-21.83820811  36.39701352  36.39701352]\n",
      " [ 37.00882551 -51.81235571 -37.00882551]\n",
      " [ 37.00882551 -37.00882551 -51.81235571]]\n",
      "0.4330127018922193\n",
      "0.4330127018922193\n",
      "0.4330127018922193\n",
      "\n",
      "Forces between Na0 and Cl11:\n",
      "[[-21.83820811  36.39701352 -36.39701352]\n",
      " [ 37.00882551 -51.81235571  37.00882551]\n",
      " [-36.39701352  36.39701352 -21.83820811]]\n",
      "0.4330127018922193\n",
      "0.4330127018922193\n",
      "0.4330127018922193\n",
      "\n",
      "Forces between Na0 and Cl13:\n",
      "[[-21.83820811 -36.39701352  36.39701352]\n",
      " [-36.39701352 -21.83820811  36.39701352]\n",
      " [ 37.00882551  37.00882551 -51.81235571]]\n",
      "0.4330127018922193\n",
      "0.4330127018922193\n",
      "0.4330127018922193\n",
      "\n",
      "Forces between Na0 and Cl15:\n",
      "[[-21.83820811 -36.39701352 -36.39701352]\n",
      " [-36.39701352 -21.83820811 -36.39701352]\n",
      " [-36.39701352 -36.39701352 -21.83820811]]\n",
      "0.4330127018922193\n",
      "0.4330127018922193\n",
      "0.4330127018922193\n",
      "\n",
      "Forces between Cl1 and Na2:\n",
      "[[-21.83820811 -36.39701352  36.39701352]\n",
      " [-36.39701352 -21.83820811  36.39701352]\n",
      " [ 37.00882551  37.00882551 -51.81235571]]\n",
      "0.5\n",
      "0.5\n",
      "0.5\n",
      "\n",
      "Forces between Cl1 and Cl3:\n",
      "[[  -2.20750193   -0.          -11.03750966]\n",
      " [  -0.           -2.20750193  -11.03750966]\n",
      " [   0.            0.         -113.67552733]]\n",
      "0.4330127018922193\n",
      "0.4330127018922193\n",
      "0.4330127018922193\n",
      "\n",
      "Forces between Cl1 and Na4:\n",
      "[[-21.83820811  36.39701352 -36.39701352]\n",
      " [ 37.00882551 -51.81235571  37.00882551]\n",
      " [-36.39701352  36.39701352 -21.83820811]]\n",
      "0.5\n",
      "0.5\n",
      "0.5\n",
      "\n",
      "Forces between Cl1 and Cl5:\n",
      "[[  -2.20750193  -11.03750966   -0.        ]\n",
      " [   0.         -113.67552733    0.        ]\n",
      " [  -0.          -11.03750966   -2.20750193]]\n",
      "0.4330127018922193\n",
      "0.4330127018922193\n",
      "0.4330127018922193\n",
      "\n",
      "Forces between Cl1 and Na6:\n",
      "[[-21.83820811  36.39701352  36.39701352]\n",
      " [ 37.00882551 -51.81235571 -37.00882551]\n",
      " [ 37.00882551 -37.00882551 -51.81235571]]\n",
      "0.4330127018922193\n",
      "0.4330127018922193\n",
      "0.4330127018922193\n",
      "\n",
      "Forces between Cl1 and Na8:\n",
      "[[-51.81235571  37.00882551  37.00882551]\n",
      " [ 36.39701352 -21.83820811 -36.39701352]\n",
      " [ 36.39701352 -36.39701352 -21.83820811]]\n",
      "0.5\n",
      "0.5\n",
      "0.5\n",
      "\n",
      "Forces between Cl1 and Cl9:\n",
      "[[-113.67552733    0.            0.        ]\n",
      " [ -11.03750966   -2.20750193   -0.        ]\n",
      " [ -11.03750966   -0.           -2.20750193]]\n",
      "0.4330127018922193\n",
      "0.4330127018922193\n",
      "0.4330127018922193\n",
      "\n",
      "Forces between Cl1 and Na10:\n",
      "[[-51.81235571  37.00882551 -37.00882551]\n",
      " [ 36.39701352 -21.83820811  36.39701352]\n",
      " [-37.00882551  37.00882551 -51.81235571]]\n",
      "0.4330127018922193\n",
      "0.4330127018922193\n",
      "0.4330127018922193\n",
      "\n",
      "Forces between Cl1 and Na12:\n",
      "[[-51.81235571 -37.00882551  37.00882551]\n",
      " [-37.00882551 -51.81235571  37.00882551]\n",
      " [ 36.39701352  36.39701352 -21.83820811]]\n",
      "0.4330127018922193\n",
      "0.4330127018922193\n",
      "0.4330127018922193\n",
      "\n",
      "Forces between Cl1 and Na14:\n",
      "[[-51.81235571 -37.00882551 -37.00882551]\n",
      " [-37.00882551 -51.81235571 -37.00882551]\n",
      " [-37.00882551 -37.00882551 -51.81235571]]\n",
      "0.4330127018922193\n",
      "0.4330127018922193\n",
      "0.4330127018922193\n",
      "\n",
      "Forces between Na2 and Cl3:\n",
      "[[-51.81235571 -37.00882551 -37.00882551]\n",
      " [-37.00882551 -51.81235571 -37.00882551]\n",
      " [-37.00882551 -37.00882551 -51.81235571]]\n",
      "0.4330127018922193\n",
      "0.4330127018922193\n",
      "0.4330127018922193\n",
      "\n",
      "Forces between Na2 and Cl5:\n",
      "[[-51.81235571  37.00882551  37.00882551]\n",
      " [ 36.39701352 -21.83820811 -36.39701352]\n",
      " [ 36.39701352 -36.39701352 -21.83820811]]\n",
      "0.5\n",
      "0.5\n",
      "0.5\n",
      "\n",
      "Forces between Na2 and Na6:\n",
      "[[ -1.43159267  -7.15796334  -0.        ]\n",
      " [  0.         -73.72000412   0.        ]\n",
      " [ -0.          -7.15796334  -1.43159267]]\n",
      "0.4330127018922193\n",
      "0.4330127018922193\n",
      "0.4330127018922193\n",
      "\n",
      "Forces between Na2 and Cl7:\n",
      "[[-51.81235571  37.00882551 -37.00882551]\n",
      " [ 36.39701352 -21.83820811  36.39701352]\n",
      " [-37.00882551  37.00882551 -51.81235571]]\n",
      "0.4330127018922193\n",
      "0.4330127018922193\n",
      "0.4330127018922193\n",
      "\n",
      "Forces between Na2 and Cl9:\n",
      "[[-21.83820811  36.39701352 -36.39701352]\n",
      " [ 37.00882551 -51.81235571  37.00882551]\n",
      " [-36.39701352  36.39701352 -21.83820811]]\n",
      "0.5\n",
      "0.5\n",
      "0.5\n",
      "\n",
      "Forces between Na2 and Na10:\n",
      "[[-73.72000412   0.           0.        ]\n",
      " [ -7.15796334  -1.43159267  -0.        ]\n",
      " [ -7.15796334  -0.          -1.43159267]]\n",
      "0.4330127018922193\n",
      "0.4330127018922193\n",
      "0.4330127018922193\n",
      "\n",
      "Forces between Na2 and Cl11:\n",
      "[[-21.83820811  36.39701352  36.39701352]\n",
      " [ 37.00882551 -51.81235571 -37.00882551]\n",
      " [ 37.00882551 -37.00882551 -51.81235571]]\n",
      "0.4330127018922193\n",
      "0.4330127018922193\n",
      "0.4330127018922193\n",
      "\n",
      "Forces between Na2 and Cl13:\n",
      "[[-21.83820811 -36.39701352 -36.39701352]\n",
      " [-36.39701352 -21.83820811 -36.39701352]\n",
      " [-36.39701352 -36.39701352 -21.83820811]]\n",
      "0.4330127018922193\n",
      "0.4330127018922193\n",
      "0.4330127018922193\n",
      "\n",
      "Forces between Na2 and Cl15:\n",
      "[[-21.83820811 -36.39701352  36.39701352]\n",
      " [-36.39701352 -21.83820811  36.39701352]\n",
      " [ 37.00882551  37.00882551 -51.81235571]]\n",
      "0.4330127018922193\n",
      "0.4330127018922193\n",
      "0.4330127018922193\n",
      "\n",
      "Forces between Cl3 and Na4:\n",
      "[[-21.83820811  36.39701352  36.39701352]\n",
      " [ 37.00882551 -51.81235571 -37.00882551]\n",
      " [ 37.00882551 -37.00882551 -51.81235571]]\n",
      "0.4330127018922193\n",
      "0.4330127018922193\n",
      "0.4330127018922193\n",
      "\n",
      "Forces between Cl3 and Na6:\n",
      "[[-21.83820811  36.39701352 -36.39701352]\n",
      " [ 37.00882551 -51.81235571  37.00882551]\n",
      " [-36.39701352  36.39701352 -21.83820811]]\n",
      "0.5\n",
      "0.5\n",
      "0.5\n",
      "\n",
      "Forces between Cl3 and Cl7:\n",
      "[[  -2.20750193  -11.03750966   -0.        ]\n",
      " [   0.         -113.67552733    0.        ]\n",
      " [  -0.          -11.03750966   -2.20750193]]\n",
      "0.4330127018922193\n",
      "0.4330127018922193\n",
      "0.4330127018922193\n",
      "\n",
      "Forces between Cl3 and Na8:\n",
      "[[-51.81235571  37.00882551 -37.00882551]\n",
      " [ 36.39701352 -21.83820811  36.39701352]\n",
      " [-37.00882551  37.00882551 -51.81235571]]\n",
      "0.4330127018922193\n",
      "0.4330127018922193\n",
      "0.4330127018922193\n",
      "\n",
      "Forces between Cl3 and Na10:\n",
      "[[-51.81235571  37.00882551  37.00882551]\n",
      " [ 36.39701352 -21.83820811 -36.39701352]\n",
      " [ 36.39701352 -36.39701352 -21.83820811]]\n",
      "0.5\n",
      "0.5\n",
      "0.5\n",
      "\n",
      "Forces between Cl3 and Cl11:\n",
      "[[-113.67552733    0.            0.        ]\n",
      " [ -11.03750966   -2.20750193   -0.        ]\n",
      " [ -11.03750966   -0.           -2.20750193]]\n",
      "0.4330127018922193\n",
      "0.4330127018922193\n",
      "0.4330127018922193\n",
      "\n",
      "Forces between Cl3 and Na12:\n",
      "[[-51.81235571 -37.00882551 -37.00882551]\n",
      " [-37.00882551 -51.81235571 -37.00882551]\n",
      " [-37.00882551 -37.00882551 -51.81235571]]\n",
      "0.4330127018922193\n",
      "0.4330127018922193\n",
      "0.4330127018922193\n",
      "\n",
      "Forces between Cl3 and Na14:\n",
      "[[-51.81235571 -37.00882551  37.00882551]\n",
      " [-37.00882551 -51.81235571  37.00882551]\n",
      " [ 36.39701352  36.39701352 -21.83820811]]\n",
      "0.4330127018922193\n",
      "0.4330127018922193\n",
      "0.4330127018922193\n",
      "\n",
      "Forces between Na4 and Cl5:\n",
      "[[-51.81235571 -37.00882551 -37.00882551]\n",
      " [-37.00882551 -51.81235571 -37.00882551]\n",
      " [-37.00882551 -37.00882551 -51.81235571]]\n",
      "0.5\n",
      "0.5\n",
      "0.5\n",
      "\n",
      "Forces between Na4 and Na6:\n",
      "[[ -1.43159267  -0.          -7.15796334]\n",
      " [ -0.          -1.43159267  -7.15796334]\n",
      " [  0.           0.         -73.72000412]]\n",
      "0.4330127018922193\n",
      "0.4330127018922193\n",
      "0.4330127018922193\n",
      "\n",
      "Forces between Na4 and Cl7:\n",
      "[[-51.81235571 -37.00882551  37.00882551]\n",
      " [-37.00882551 -51.81235571  37.00882551]\n",
      " [ 36.39701352  36.39701352 -21.83820811]]\n",
      "0.4330127018922193\n",
      "0.4330127018922193\n",
      "0.4330127018922193\n",
      "\n",
      "Forces between Na4 and Cl9:\n",
      "[[-21.83820811 -36.39701352  36.39701352]\n",
      " [-36.39701352 -21.83820811  36.39701352]\n",
      " [ 37.00882551  37.00882551 -51.81235571]]\n",
      "0.4330127018922193\n",
      "0.4330127018922193\n",
      "0.4330127018922193\n",
      "\n",
      "Forces between Na4 and Cl11:\n",
      "[[-21.83820811 -36.39701352 -36.39701352]\n",
      " [-36.39701352 -21.83820811 -36.39701352]\n",
      " [-36.39701352 -36.39701352 -21.83820811]]\n",
      "0.5\n",
      "0.5\n",
      "0.5\n",
      "\n",
      "Forces between Na4 and Na12:\n",
      "[[-73.72000412   0.           0.        ]\n",
      " [ -7.15796334  -1.43159267  -0.        ]\n",
      " [ -7.15796334  -0.          -1.43159267]]\n",
      "0.4330127018922193\n",
      "0.4330127018922193\n",
      "0.4330127018922193\n",
      "\n",
      "Forces between Na4 and Cl13:\n",
      "[[-21.83820811  36.39701352  36.39701352]\n",
      " [ 37.00882551 -51.81235571 -37.00882551]\n",
      " [ 37.00882551 -37.00882551 -51.81235571]]\n",
      "0.4330127018922193\n",
      "0.4330127018922193\n",
      "0.4330127018922193\n",
      "\n",
      "Forces between Na4 and Cl15:\n",
      "[[-21.83820811  36.39701352 -36.39701352]\n",
      " [ 37.00882551 -51.81235571  37.00882551]\n",
      " [-36.39701352  36.39701352 -21.83820811]]\n",
      "0.4330127018922193\n",
      "0.4330127018922193\n",
      "0.4330127018922193\n",
      "\n",
      "Forces between Cl5 and Na6:\n",
      "[[-21.83820811 -36.39701352  36.39701352]\n",
      " [-36.39701352 -21.83820811  36.39701352]\n",
      " [ 37.00882551  37.00882551 -51.81235571]]\n",
      "0.5\n",
      "0.5\n",
      "0.5\n",
      "\n",
      "Forces between Cl5 and Cl7:\n",
      "[[  -2.20750193   -0.          -11.03750966]\n",
      " [  -0.           -2.20750193  -11.03750966]\n",
      " [   0.            0.         -113.67552733]]\n",
      "0.4330127018922193\n",
      "0.4330127018922193\n",
      "0.4330127018922193\n",
      "\n",
      "Forces between Cl5 and Na8:\n",
      "[[-51.81235571 -37.00882551  37.00882551]\n",
      " [-37.00882551 -51.81235571  37.00882551]\n",
      " [ 36.39701352  36.39701352 -21.83820811]]\n",
      "0.4330127018922193\n",
      "0.4330127018922193\n",
      "0.4330127018922193\n",
      "\n",
      "Forces between Cl5 and Na10:\n",
      "[[-51.81235571 -37.00882551 -37.00882551]\n",
      " [-37.00882551 -51.81235571 -37.00882551]\n",
      " [-37.00882551 -37.00882551 -51.81235571]]\n",
      "0.4330127018922193\n",
      "0.4330127018922193\n",
      "0.4330127018922193\n",
      "\n",
      "Forces between Cl5 and Na12:\n",
      "[[-51.81235571  37.00882551  37.00882551]\n",
      " [ 36.39701352 -21.83820811 -36.39701352]\n",
      " [ 36.39701352 -36.39701352 -21.83820811]]\n",
      "0.5\n",
      "0.5\n",
      "0.5\n",
      "\n",
      "Forces between Cl5 and Cl13:\n",
      "[[-113.67552733    0.            0.        ]\n",
      " [ -11.03750966   -2.20750193   -0.        ]\n",
      " [ -11.03750966   -0.           -2.20750193]]\n",
      "0.4330127018922193\n",
      "0.4330127018922193\n",
      "0.4330127018922193\n",
      "\n",
      "Forces between Cl5 and Na14:\n",
      "[[-51.81235571  37.00882551 -37.00882551]\n",
      " [ 36.39701352 -21.83820811  36.39701352]\n",
      " [-37.00882551  37.00882551 -51.81235571]]\n",
      "0.4330127018922193\n",
      "0.4330127018922193\n",
      "0.4330127018922193\n",
      "\n",
      "Forces between Na6 and Cl7:\n",
      "[[-51.81235571 -37.00882551 -37.00882551]\n",
      " [-37.00882551 -51.81235571 -37.00882551]\n",
      " [-37.00882551 -37.00882551 -51.81235571]]\n",
      "0.4330127018922193\n",
      "0.4330127018922193\n",
      "0.4330127018922193\n",
      "\n",
      "Forces between Na6 and Cl9:\n",
      "[[-21.83820811 -36.39701352 -36.39701352]\n",
      " [-36.39701352 -21.83820811 -36.39701352]\n",
      " [-36.39701352 -36.39701352 -21.83820811]]\n",
      "0.4330127018922193\n",
      "0.4330127018922193\n",
      "0.4330127018922193\n",
      "\n",
      "Forces between Na6 and Cl11:\n",
      "[[-21.83820811 -36.39701352  36.39701352]\n",
      " [-36.39701352 -21.83820811  36.39701352]\n",
      " [ 37.00882551  37.00882551 -51.81235571]]\n",
      "0.4330127018922193\n",
      "0.4330127018922193\n",
      "0.4330127018922193\n",
      "\n",
      "Forces between Na6 and Cl13:\n",
      "[[-21.83820811  36.39701352 -36.39701352]\n",
      " [ 37.00882551 -51.81235571  37.00882551]\n",
      " [-36.39701352  36.39701352 -21.83820811]]\n",
      "0.5\n",
      "0.5\n",
      "0.5\n",
      "\n",
      "Forces between Na6 and Na14:\n",
      "[[-73.72000412   0.           0.        ]\n",
      " [ -7.15796334  -1.43159267  -0.        ]\n",
      " [ -7.15796334  -0.          -1.43159267]]\n",
      "0.4330127018922193\n",
      "0.4330127018922193\n",
      "0.4330127018922193\n",
      "\n",
      "Forces between Na6 and Cl15:\n",
      "[[-21.83820811  36.39701352  36.39701352]\n",
      " [ 37.00882551 -51.81235571 -37.00882551]\n",
      " [ 37.00882551 -37.00882551 -51.81235571]]\n",
      "0.4330127018922193\n",
      "0.4330127018922193\n",
      "0.4330127018922193\n",
      "\n",
      "Forces between Cl7 and Na8:\n",
      "[[-51.81235571 -37.00882551 -37.00882551]\n",
      " [-37.00882551 -51.81235571 -37.00882551]\n",
      " [-37.00882551 -37.00882551 -51.81235571]]\n",
      "0.4330127018922193\n",
      "0.4330127018922193\n",
      "0.4330127018922193\n",
      "\n",
      "Forces between Cl7 and Na10:\n",
      "[[-51.81235571 -37.00882551  37.00882551]\n",
      " [-37.00882551 -51.81235571  37.00882551]\n",
      " [ 36.39701352  36.39701352 -21.83820811]]\n",
      "0.4330127018922193\n",
      "0.4330127018922193\n",
      "0.4330127018922193\n",
      "\n",
      "Forces between Cl7 and Na12:\n",
      "[[-51.81235571  37.00882551 -37.00882551]\n",
      " [ 36.39701352 -21.83820811  36.39701352]\n",
      " [-37.00882551  37.00882551 -51.81235571]]\n",
      "0.4330127018922193\n",
      "0.4330127018922193\n",
      "0.4330127018922193\n",
      "\n",
      "Forces between Cl7 and Na14:\n",
      "[[-51.81235571  37.00882551  37.00882551]\n",
      " [ 36.39701352 -21.83820811 -36.39701352]\n",
      " [ 36.39701352 -36.39701352 -21.83820811]]\n",
      "0.5\n",
      "0.5\n",
      "0.5\n",
      "\n",
      "Forces between Cl7 and Cl15:\n",
      "[[-113.67552733    0.            0.        ]\n",
      " [ -11.03750966   -2.20750193   -0.        ]\n",
      " [ -11.03750966   -0.           -2.20750193]]\n",
      "0.4330127018922193\n",
      "0.4330127018922193\n",
      "0.4330127018922193\n",
      "\n",
      "Forces between Na8 and Cl9:\n",
      "[[-51.81235571 -37.00882551 -37.00882551]\n",
      " [-37.00882551 -51.81235571 -37.00882551]\n",
      " [-37.00882551 -37.00882551 -51.81235571]]\n",
      "0.5\n",
      "0.5\n",
      "0.5\n",
      "\n",
      "Forces between Na8 and Na10:\n",
      "[[ -1.43159267  -0.          -7.15796334]\n",
      " [ -0.          -1.43159267  -7.15796334]\n",
      " [  0.           0.         -73.72000412]]\n",
      "0.4330127018922193\n",
      "0.4330127018922193\n",
      "0.4330127018922193\n",
      "\n",
      "Forces between Na8 and Cl11:\n",
      "[[-51.81235571 -37.00882551  37.00882551]\n",
      " [-37.00882551 -51.81235571  37.00882551]\n",
      " [ 36.39701352  36.39701352 -21.83820811]]\n",
      "0.5\n",
      "0.5\n",
      "0.5\n",
      "\n",
      "Forces between Na8 and Na12:\n",
      "[[ -1.43159267  -7.15796334  -0.        ]\n",
      " [  0.         -73.72000412   0.        ]\n",
      " [ -0.          -7.15796334  -1.43159267]]\n",
      "0.4330127018922193\n",
      "0.4330127018922193\n",
      "0.4330127018922193\n",
      "\n",
      "Forces between Na8 and Cl13:\n",
      "[[-51.81235571  37.00882551 -37.00882551]\n",
      " [ 36.39701352 -21.83820811  36.39701352]\n",
      " [-37.00882551  37.00882551 -51.81235571]]\n",
      "0.4330127018922193\n",
      "0.4330127018922193\n",
      "0.4330127018922193\n",
      "\n",
      "Forces between Na8 and Cl15:\n",
      "[[-51.81235571  37.00882551  37.00882551]\n",
      " [ 36.39701352 -21.83820811 -36.39701352]\n",
      " [ 36.39701352 -36.39701352 -21.83820811]]\n",
      "0.4330127018922193\n",
      "0.4330127018922193\n",
      "0.4330127018922193\n",
      "\n",
      "Forces between Cl9 and Na10:\n",
      "[[-21.83820811 -36.39701352  36.39701352]\n",
      " [-36.39701352 -21.83820811  36.39701352]\n",
      " [ 37.00882551  37.00882551 -51.81235571]]\n",
      "0.5\n",
      "0.5\n",
      "0.5\n",
      "\n",
      "Forces between Cl9 and Cl11:\n",
      "[[  -2.20750193   -0.          -11.03750966]\n",
      " [  -0.           -2.20750193  -11.03750966]\n",
      " [   0.            0.         -113.67552733]]\n",
      "0.4330127018922193\n",
      "0.4330127018922193\n",
      "0.4330127018922193\n",
      "\n",
      "Forces between Cl9 and Na12:\n",
      "[[-21.83820811  36.39701352 -36.39701352]\n",
      " [ 37.00882551 -51.81235571  37.00882551]\n",
      " [-36.39701352  36.39701352 -21.83820811]]\n",
      "0.5\n",
      "0.5\n",
      "0.5\n",
      "\n",
      "Forces between Cl9 and Cl13:\n",
      "[[  -2.20750193  -11.03750966   -0.        ]\n",
      " [   0.         -113.67552733    0.        ]\n",
      " [  -0.          -11.03750966   -2.20750193]]\n",
      "0.4330127018922193\n",
      "0.4330127018922193\n",
      "0.4330127018922193\n",
      "\n",
      "Forces between Cl9 and Na14:\n",
      "[[-21.83820811  36.39701352  36.39701352]\n",
      " [ 37.00882551 -51.81235571 -37.00882551]\n",
      " [ 37.00882551 -37.00882551 -51.81235571]]\n",
      "0.4330127018922193\n",
      "0.4330127018922193\n",
      "0.4330127018922193\n",
      "\n",
      "Forces between Na10 and Cl11:\n",
      "[[-51.81235571 -37.00882551 -37.00882551]\n",
      " [-37.00882551 -51.81235571 -37.00882551]\n",
      " [-37.00882551 -37.00882551 -51.81235571]]\n",
      "0.4330127018922193\n",
      "0.4330127018922193\n",
      "0.4330127018922193\n",
      "\n",
      "Forces between Na10 and Cl13:\n",
      "[[-51.81235571  37.00882551  37.00882551]\n",
      " [ 36.39701352 -21.83820811 -36.39701352]\n",
      " [ 36.39701352 -36.39701352 -21.83820811]]\n",
      "0.5\n",
      "0.5\n",
      "0.5\n",
      "\n",
      "Forces between Na10 and Na14:\n",
      "[[ -1.43159267  -7.15796334  -0.        ]\n",
      " [  0.         -73.72000412   0.        ]\n",
      " [ -0.          -7.15796334  -1.43159267]]\n",
      "0.4330127018922193\n",
      "0.4330127018922193\n",
      "0.4330127018922193\n",
      "\n",
      "Forces between Na10 and Cl15:\n",
      "[[-51.81235571  37.00882551 -37.00882551]\n",
      " [ 36.39701352 -21.83820811  36.39701352]\n",
      " [-37.00882551  37.00882551 -51.81235571]]\n",
      "0.4330127018922193\n",
      "0.4330127018922193\n",
      "0.4330127018922193\n",
      "\n",
      "Forces between Cl11 and Na12:\n",
      "[[-21.83820811  36.39701352  36.39701352]\n",
      " [ 37.00882551 -51.81235571 -37.00882551]\n",
      " [ 37.00882551 -37.00882551 -51.81235571]]\n",
      "0.4330127018922193\n",
      "0.4330127018922193\n",
      "0.4330127018922193\n",
      "\n",
      "Forces between Cl11 and Na14:\n",
      "[[-21.83820811  36.39701352 -36.39701352]\n",
      " [ 37.00882551 -51.81235571  37.00882551]\n",
      " [-36.39701352  36.39701352 -21.83820811]]\n",
      "0.5\n",
      "0.5\n",
      "0.5\n",
      "\n",
      "Forces between Cl11 and Cl15:\n",
      "[[  -2.20750193  -11.03750966   -0.        ]\n",
      " [   0.         -113.67552733    0.        ]\n",
      " [  -0.          -11.03750966   -2.20750193]]\n",
      "0.4330127018922193\n",
      "0.4330127018922193\n",
      "0.4330127018922193\n",
      "\n",
      "Forces between Na12 and Cl13:\n",
      "[[-51.81235571 -37.00882551 -37.00882551]\n",
      " [-37.00882551 -51.81235571 -37.00882551]\n",
      " [-37.00882551 -37.00882551 -51.81235571]]\n",
      "0.5\n",
      "0.5\n",
      "0.5\n",
      "\n",
      "Forces between Na12 and Na14:\n",
      "[[ -1.43159267  -0.          -7.15796334]\n",
      " [ -0.          -1.43159267  -7.15796334]\n",
      " [  0.           0.         -73.72000412]]\n",
      "0.4330127018922193\n",
      "0.4330127018922193\n",
      "0.4330127018922193\n",
      "\n",
      "Forces between Na12 and Cl15:\n",
      "[[-51.81235571 -37.00882551  37.00882551]\n",
      " [-37.00882551 -51.81235571  37.00882551]\n",
      " [ 36.39701352  36.39701352 -21.83820811]]\n",
      "0.4330127018922193\n",
      "0.4330127018922193\n",
      "0.4330127018922193\n",
      "\n",
      "Forces between Cl13 and Na14:\n",
      "[[-21.83820811 -36.39701352  36.39701352]\n",
